@ 1号线 23 1 2 3 4 5 6 7 8 9 10 11 12 13 14 15 16 17 18 19 20 21 22 23 
@ 2号线 18 24 25 26 27 28 29 30 18 31 32 33 34 35 36 12 37 38 39 
@ 4号线 35 40 41 42 43 44 45 46 47 48 49 50 39 51 52 53 54 13 35 55 56 57 58 59 60 61 62 63 64 65 66 67 68 69 70 71 
@ 5号线 23 72 73 74 75 76 32 17 77 78 79 80 27 81 82 83 84 85 86 87 88 89 90 91 
@ 6号线 28 92 93 94 95 96 38 52 97 98 78 30 99 100 101 102 103 104 105 106 107 108 109 110 111 112 113 114 115 
@ 7号线 21 116 117 118 119 55 120 121 122 76 123 124 125 126 127 128 129 130 131 132 133 134 
@ 8号线 18 135 136 137 138 139 140 141 142 143 144 145 146 147 148 149 25 150 98 
@ 9号线 13 151 152 153 154 155 156 157 158 116 9 159 95 49 
@ 10号线 46 160 161 46 162 163 164 165 166 147 167 83 168 169 170 171 172 173 100 174 20 125 175 176 177 178 179 72 180 181 182 59 183 184 185 186 187 188 157 189 8 190 93 191 192 193 
@ 13号线 16 39 194 163 195 196 197 198 199 139 88 200 201 168 202 203 28 
@ 14号线东线 12 204 205 206 207 208 209 210 211 212 213 214 101 
@ 15号线 20 215 216 217 218 219 220 221 222 223 224 225 207 201 226 85 227 145 228 229 230 
@ 八通线 13 22 23 231 232 233 234 235 236 237 238 239 240 241 
@ 昌平线 7 242 243 244 245 135 246 197 
@ 亦庄线 14 72 247 248 249 250 251 252 253 254 255 256 257 258 259 
@ 房山线 11 260 261 262 263 264 265 266 267 268 269 151 
@ 机场线 6 28 170 270 271 170 28 
@ 14号线西线 7 276 275 274 273 272 156 188